0.9596722954598198
1.10125929487836
0.9165549940586909
0.9258247740689484
0.9764915013272835
0.8499426211528129
0.9111997412207519
0.8797420450089283
0.8088783713113149
0.827736820808518
0.8534390598839795
0.822356050088256
0.8446027777460052
0.74194511343362
0.7954431714945751
0.7279788840123325
0.8116486218032432
0.7135081645979168
0.6579720400389677
0.6321271306686467
0.6977830397892066
0.665007263035179
0.6734578803490302
0.6252119431611477
0.622184536218402
0.5920308988188419
0.5143687098000947
0.6222297207107057
0.5858293957422667
0.5127368365582834
0.586746777366057
0.5176539733401779
0.5348983445878569
0.5183423842146732
0.5045551401384454
0.542422949803173
0.47870162292825935
0.4883578695803977
0.46036205491636484
0.4530256437828904
0.445875238905023
0.45722071709797546
0.44313438622169365
0.4116893479117931
0.41637057677376743
0.42277526864369736
0.3518197182496562
0.38346712245347103
0.3683222775703835
0.3680608476389812
0.36435631703044835
0.3853346005841595
0.35556195905203736
0.355288777015366
0.3535293225491622
0.32610292986925254
0.3118586552776974
0.32787426414856
0.3016246468324307
0.2968012251652755
0.31185518799136003
0.2938533663154553
0.2686054925717336
0.2886733108606055
0.29459640780456503
0.28402074699710145
0.2915926066746947
0.26720896850323583
0.2592040058440859
0.25643269524505374
0.2509869328757328
0.2323992914827947
0.24470808851872508
0.24675028550988104
0.2507723150191946
0.22073001731233557
0.1978183296463494
0.23361858203474783
0.23642805059219657
0.21337961527564667
0.1981896122091264
0.21105248218690464
0.21491527406038222
0.19717046310827352
0.18213891471967475
0.2001238464729454
0.20223677847059818
0.17146131248593457
0.17810378741573585
0.16912421074137413
0.1644544345960852
0.16525886409791474
0.1731368084782479
0.16745634484818903
0.1650731658198076
0.1552792805413703
0.1499813449608072
0.13728262066683827
0.1605073673352732
0.15526914747419124
0.1441606979887056
0.1340054268061271
0.12881898227821484
0.1431829432794336
0.12944147697982264
0.1326319292426722
0.1288029665808955
0.12263765222526275
0.12403269466146805
0.1244385450172688
0.12036420267414459
0.11567483140748958
0.11863266835100764
0.1138592538125271
0.11403014897681407
0.0993155608121964
0.10184561784647095
0.09692093137065089
0.10273837843323798
0.09947102647747037
0.09764747273739559
0.09820697319542905
0.09568383970699312
0.09388884159573668
0.09106110813882835
0.09436842778812236
0.08590081369749525
0.08914354181038951
0.08562033985743323
0.0848614470649667
0.08837671955149709
0.08321821632081068
0.07667652213568821
0.08030704341104808
0.08028194902023578
0.07108927227397877
0.07216833170920586
0.06866721577697908
0.06884036535966855
0.06724938001098366
0.06547866549015793
0.07136757271130519
0.07118528340574826
0.06473085688014005
0.06496670667857152
0.06746733494322725
0.05767278243325577
0.06085119266554022
0.06335868275973174
0.05556107069579999
0.05803640230224649
0.0626142708389037
0.05857042454217206
0.058333419354026646
0.05147505427778299
0.05869177550025584
0.05208726385422215
0.05006404458320487
0.05235359789246543
0.052784291828323664
0.04842967879578026
0.046282803663672406
0.04547628744052501
0.052522446432013696
0.04864266897473214
0.0492523339898855
0.047109666242422805
0.04621026269082877
0.0401729044187691
0.04396455149581751
0.045262828544538794
0.04084463867688139
0.04560502658563268
0.038001000780501636
0.03623404855607697
0.04404829959567095
0.03880003783134946
0.03659680432152916
0.038536532913638934
0.037531601923638226
0.03898999290338154
0.03512816234858853
0.033751761040973355
0.03265978131775119
0.03526827434591445
0.033730404408463255
0.03570406394011964
0.034474186703942034
0.0327812653383143
0.033053464933842765
0.03195895362671931
0.031022867006171267
0.0325722663045554
0.0329788782416309
0.0299814648344184
0.03103944208444502
0.03038559920303987
0.027384264914104974
0.028068650290688363
0.028583743845561168
0.028951409865650753
0.026522514155142042
0.028391105228243802
0.027920899500103593
0.02719363207544337
0.025072609093476566
0.026332028002296066
0.0246181556953654
0.024912241661211157
0.02489602087577916
0.025553411653170134
0.025867833157321985
0.024345388402658333
0.022865679881130654
0.02455874354580805
0.02413224585096663
0.0236627999549265
0.022884968996535218
0.022808292446402385
0.020798242276983948
0.019960933739952193
0.021078642769494067
0.021354835008258237
0.021586888893859915
0.021257510363758295
0.019777984597724414
0.02094911461070575
0.0207636593508278
0.02011290011134713
0.02064696612915944
0.018518490923434605
0.019800923176144673
0.018919725445147396
0.018909162017779348
0.020852245712076143
0.021219601608675736
0.01868705152396623
0.018937807358142184
0.016238366301505977
0.017637113866669222
0.01716600442252745
0.0181798049996817
0.01811411978343803
0.01764528947546895
0.01619950278045084
0.017460667547790194
0.017252756822950827
0.016302850673820403
0.017026004764379453
0.016122325178638132
0.015829422545979608
0.016579687360928307
0.01706943607206598
0.0162974207844317
0.014909368270383925
0.016284439925916452
0.015222205249053983
0.015829909426665657
0.01694256657561262
0.015699977755507803
0.01523690698645363
0.014824101442675272
0.016410280335389615
0.014889534251260663
0.014286697740427087
0.016471697426580025
0.013841669897835168
0.014985809402917868
0.0139038526350722
0.015028515318261411
0.014892974049783906
0.014613217731592455
0.014954940658639278
0.014428131076612968
0.013674772321698163
0.013651967422567296
0.014613897807387347
0.013866302293146303
0.014063895254334493
0.012636929539406996
0.013965271327168502
0.013240999814580871
0.013353485308710198
0.013590392090957014
0.013511129711754258
0.012819373477005217
0.013908369711268463
0.01264013159711885
0.014330161316860799
0.0132001996121504
0.013938763304060636
0.012683819431214494
0.011728909280409365
0.01317653194732227
0.01305979400976473
0.011591558957885873
0.01304894857097569
0.011701454399559465
0.012736313252055946
0.012852028239538035
0.01206496710138228
0.012763952310348162
0.012432834436723078
0.011668980272515074
0.011815046896783088
0.011846092009166927
0.011979218128593915
0.012404127055398447
0.01304671358689289
0.011499507005627735
0.012577793983042696
0.011613175273290154
0.012051301395312068
0.012926516393950566
0.01093197981152115
0.011819165202031252
0.011436293656790775
0.011984731413750236
0.011378689621160381
0.010923386621302092
0.011834775816766016
0.011767829179873991
0.012085424485035478
0.011343407672067618
0.012543496720059619
0.010988541805914739
0.012192583517993304
0.011278979625270026
0.011304165461898618
0.01098629881620133
0.010518603461983324
0.012189703544722751
0.011694760006942927
0.011895035434213134
0.01059820249649827
0.012083752794494534
0.01183171787100353
0.010985009783095601
0.011550593416283112
0.010942744825852592
0.010465818242304822
0.011288958484996529
0.01142258616487771
0.010734728803338475
0.011313142793452281
0.010650099375823998
0.012008415863865331
0.009500811046689739
0.011363112106772148
0.011061052527985255
0.010027031767540141
0.01061162567263249
0.012050373183868162
0.012110605472696483
0.012029440897289738
0.010419557318032268
0.01147078705351598
0.010300173863395292
0.011081322113852744
0.0115143934342847
0.011636097066597607
0.011153339871326055
0.010887447436230836
0.010492256686329256
0.01091538290563477
0.011721568494058752
0.010451225906028578
0.011166679464882832
0.010608845535472654
0.010471253411983416
0.010095606762406298
0.009885183417282433
0.011065942777653617
0.01052471468217663
0.011836456347064818
0.01072172334632872
0.011329255312764389
0.010078572149057025
0.009466224566306667
0.010740108534338265
0.010588708315120503
0.010102671561678114
0.010756451722638226
0.011260499076791138
0.010525315037697285
0.00994368308480254
0.010640045056443746
0.010520988545887672
0.011887769539042338
0.010379746145678556
0.010838241213758726
0.010531651674855135
0.009407805344414296
0.011209933864938423
0.01061765717899794
0.009926520198445586
0.009326385568799818
0.010430805381299094
0.01049262862544265
0.010783958406198226
0.009677291143427273
0.010269573704793882
0.010113288270462938
0.009443221775466762
0.009881586302920497
0.010652871120682464
0.009837653715178682
0.011143773250137226
0.009731513079918873
0.011083457988574661
0.010145171103423025
0.010052485673527858
0.01129212621929222
0.010057548446140931
0.009601875239509186
0.009739668081556218
0.00993028439888366
0.01090408642263717
0.010939951517712586
0.011100680032937854
0.010755266364729154
0.010167870744642434
0.009896183279537259
0.009811895398506737
0.009732029394892365
0.010359410741614169
0.009755350335407571
0.011097134116766839
0.010529709298430414
0.010839491937250176
0.010511693480057867
0.011153194572910167
0.009351734510672999
0.008870804206836379
0.01085445086008476
0.01050310558801611
0.010361185221627447
0.009810420632499681
0.01025862745415677
0.010291332825802725
0.010060246240446546
0.010420800626088913
0.010433668757026608
0.01045982880400716
0.009736096921985432
0.010092470905332674
0.010180147544338216
0.010613654228124459
0.010392188885527988
0.01079944400596717
0.009453393364037485
0.009032502684659334
0.01036777193001135
0.010587262197124598
0.010741302906227542
0.010256532420338799
0.010105760484405297
0.010090833576033548
0.011089176677696483
0.009190522671387091
0.010839318043096725
0.010162037089167894
0.009781116222433547
0.010872959804408597
0.010524467740166344
0.01023446440034308
0.01074255871529234
0.010837350757528697
0.00951219742837622
0.01022154703083239
0.010902364440064864
0.010580985122175411
0.009770760518443335
0.00997892415791107
0.010684303972454156
0.010212282061003082
0.010310369767512978
0.010014110878483634
0.00944952304691633
0.010327002185585537
0.008960766881274545
0.009879524351863256
0.010364958845459528
0.009602827940917755
0.010590853267349527
0.010776899792963066
0.010164697761759349
0.010010520203297648
0.00989971588059291
0.009447617058124457
0.010316114602917969
0.010732712802199023
0.01043292405445156
0.00996499752774071
0.010871294770858504
0.010163290034037731
0.009428583434402235
0.009852899597215452
0.01081056993280906
0.009686580571762221
