0.1092312946928872
0.05878062098821004
0.05091433864898152
0.015337587333387798
0.046079358055525356
0.04391857997311486
0.04200941877563794
0.015285122772609745
0.0381182474984063
0.01532956858476003
0.03544629282587104
0.03452275906072722
0.015288647147792357
0.034191177873147856
0.015382749640003399
0.03386600120498075
0.015160605139478488
0.033027374879188005
0.015256028252619284
0.03315447754595015
0.03244841509726312
0.015284003075074267
0.0325349570300844
0.015427377456868136
0.031821380286084285
0.015178079903953605
0.032480268729395335
0.01548572205255429
0.03194836249483956
0.03138086645139588
0.01538128699583036
0.031524073229233424
0.01519748956296179
0.032198595216208034
0.015337090232857951
0.03135643982688586
0.015312089071781547
0.03203454095721245
0.0315081243607733
0.01520874904482453
0.03170930693215794
0.015225059364128995
0.031676575458712046
0.015253154515116303
0.03193304155568282
0.015183044210904174
0.03085486927661631
0.031111978684862453
0.015179400534817465
0.031631809516747794
0.015160413109042026
0.0313510578930378
0.015116109726605593
0.031397350559631984
0.01534592207107279
0.030728092739979427
0.030538808924622005
0.015089568082381178
0.03141236470076773
0.015284258273464663
0.031152304947045115
0.015240120657340244
0.03131082116100523
0.03080845019022624
0.015090253275301722
0.030996420145365928
0.015105230882763863
0.030843762971957525
0.015239696371886465
0.03088990554842684
0.015311216601619014
0.031149181159999637
0.031174698778655793
0.015067692915046657
0.030710939978559813
0.01524097080528736
0.030841934586895835
0.015102128078816114
0.030790020008881886
0.014990785682091006
0.030737530490756036
0.030877441780103577
0.015130396639859234
0.03094260020752748
0.0152181311139354
0.030891599800189337
0.014946962080344005
0.0301932302084234
0.015165635240850624
0.030235547776354683
0.030349820767177477
0.030631581963764296
0.03025529776579804
0.030724514486392338
0.030566508818997275
0.030654892798927094
0.030879067393143972
0.030391826521025764
0.03059307276474105
0.03053219579524464
0.030681561126973893
0.030515457157293955
0.030354430956310696
0.03076397319667869
0.03047135781645775
0.029907645659314263
0.03022289448413584
0.029957967227697373
0.029779918852448465
0.030569809872574277
0.030100946154197058
0.030111139404111437
0.029942236459917494
0.030052244149976308
0.030579866286118824
0.03001052683459388
0.03009178950190544
0.03005578802426656
0.030347288642989266
0.030666918975445958
0.030376196082433065
0.030137423165639242
0.030910487786928814
0.030246517420477338
0.03014183816810449
0.029900602250629002
0.030489334503147336
0.030263226634263993
0.030080796325537895
0.029584113086594477
0.029875162441862953
0.030793697427709897
0.03021655618713962
0.030213680840863122
0.029950682664579814
0.03019797224137518
0.029879264218277402
0.029782067573401662
0.03027493514087465
0.03058817806839943
0.030196440597706372
0.030390826902455755
